A = [4.1 2.8; 9.7 6.6];
b = [4.1;9.7];
b1 = [4.11;9.7];
x = (A \ b)', x1 = (A \ b1)'


